W 
[[-2.09224005 -0.48610848]
 [ 2.05365643  0.32702251]
 [-0.46988611 -0.11921144]]
gradOutput 
[[ 1.1192827   1.83017644  0.44722542]
 [-1.38246532  1.43349448 -0.30536406]]
_input 
[[-0.03872302 -0.05919173]
 [ 1.48206109  0.30370107]]
W 
[[ 0.48672008  1.23296833]
 [-1.45402379 -1.06121244]
 [-3.55942056 -3.75800923]]
gradOutput 
[[ 0.70533407  1.87788677  2.83384614]
 [-1.40589583 -0.85329236  0.14699653]]
_input 
[[-1.2066783  -1.24814319]
 [-0.95158643 -1.50318835]]
W 
[[ 0.30040415 -1.7389702 ]
 [-0.54949876  0.0035799 ]
 [-1.79722742 -1.61338456]]
gradOutput 
[[-1.71929702  0.09224931 -1.2596197 ]
 [-0.41917205  0.4883993   1.45502589]]
_input 
[[ 0.10438662  1.05839458]
 [-1.1448181  -0.1925807 ]]
W 
[[-2.78086724 -2.53185168]
 [ 1.49722897  0.80023476]
 [-2.77354431 -1.76642485]]
gradOutput 
[[ 1.36944121 -0.93894762  1.63761785]
 [-1.60037263 -0.16871935 -0.20733696]]
_input 
[[-1.65269758 -0.98507766]
 [ 0.3234216   0.73910645]]
W 
[[-0.8441751   2.22924405]
 [-0.86025209  3.67791731]
 [-0.54879445 -0.41872624]]
gradOutput 
[[ 0.18522467  1.03113701 -0.99856688]
 [-1.60253623 -1.72933125 -0.91391443]]
_input 
[[ 0.06101047  1.53056402]
 [ 0.53382615 -1.21416651]]
W 
[[ 0.09949055 -0.7357264 ]
 [ 0.13036295  0.95841039]
 [ 0.03850179  0.33814779]]
gradOutput 
[[ 1.37007025 -0.29736013 -0.14778641]
 [ 0.21693003 -0.97675395 -0.32461176]]
_input 
[[ 0.09849724 -0.40096536]
 [-0.16345171 -0.85915114]]
W 
[[ 0.4882117   1.28683454]
 [ 0.34359282 -0.70359107]
 [ 0.49348161  0.83801036]]
gradOutput 
[[-1.65942842  0.22974994 -1.27547395]
 [ 0.54848822 -0.57017564  0.27946919]]
_input 
[[-0.5691919  -0.42408105]
 [-0.83196228  1.06310832]]
W 
[[-0.28124349 -0.11336924]
 [ 0.65995482  0.10464702]
 [ 0.5454665  -0.58961361]]
gradOutput 
[[-0.34921405  0.77932087  0.4759959 ]
 [ 0.65435921 -1.30924867 -0.13426671]]
_input 
[[ 1.20630426 -1.51573824]
 [ 0.21397254 -0.98216136]]
W 
[[ 3.15595267 -2.07417891]
 [ 3.54953161 -2.72673022]
 [ 1.42412518 -1.49906244]]
gradOutput 
[[-1.60579976 -0.2537603   1.49453572]
 [ 1.44203793  1.6924035   0.75154797]]
_input 
[[-0.09464786 -0.17931519]
 [ 2.08314019 -1.63804512]]
W 
[[ 0.50962124 -0.54006548]
 [-0.29591764 -1.07077118]
 [-1.25483521  0.97443607]]
gradOutput 
[[ 0.37763048  0.22661572 -0.81537707]
 [ 0.01365412  2.31482565  0.56262176]]
_input 
[[ 1.35895612 -1.41843823]
 [-0.26087428 -0.32370938]]
W 
[[-1.7882734   0.06189719]
 [-2.00652328  0.44795318]
 [-1.95732123  0.50968874]]
gradOutput 
[[-0.41538883 -1.00531568 -1.08426426]
 [-1.61323739  0.03034539  0.3832026 ]]
_input 
[[ 2.01372248 -0.44329732]
 [ 0.58999102  0.07577531]]
W 
[[-0.01814908 -1.10850935]
 [ 0.19345559 -0.97551123]
 [-0.23689562 -1.81009785]]
gradOutput 
[[-0.96564053 -0.24580121 -2.17453752]
 [-0.5328215  -1.2714295  -0.07582041]]
_input 
[[ 0.11502131  0.81112132]
 [-0.17439266  0.61044409]]
W 
[[0.62311684 0.03722487]
 [2.97510626 0.20955613]
 [4.90907114 0.20347063]]
gradOutput 
[[-0.00665547  0.02132771 -0.20227689]
 [-0.27113326 -1.29994273 -2.12081396]]
_input 
[[-0.23318958  0.58384427]
 [-2.29246996 -0.1516252 ]]
W 
[[-1.30042424  1.34943119]
 [-0.4377015  -0.18832803]
 [-0.7114579   0.11869123]]
gradOutput 
[[-0.99339242 -0.22112331 -0.43428944]
 [-0.27638889  0.40497643  0.32900788]]
_input 
[[ 1.39748356 -1.06693656]
 [-0.31776    -1.04759818]]
W 
[[-0.56655843  0.23648824]
 [ 1.1482953   0.13259615]
 [-0.92163051  0.04449622]]
gradOutput 
[[-0.1051246  -1.0317978   0.52110004]
 [ 1.00526101 -0.34087778  0.69202854]]
_input 
[[-0.89576413 -0.19934317]
 [-0.65726738  0.21440439]]
W 
[[-3.336223   -5.33952536]
 [ 1.11212487  1.63379215]
 [ 0.50229393  0.78274   ]]
gradOutput 
[[ 2.76110803 -1.10146022 -0.44193021]
 [ 0.99967578 -0.70258277 -0.20400665]]
_input 
[[-1.46900678 -2.52525802]
 [ 0.72009687  1.63351446]]
W 
[[-0.19026338 -1.55303792]
 [-0.83198572  0.16751515]
 [-0.54771987 -0.39062862]]
gradOutput 
[[-0.53611048 -1.10476481 -0.81652492]
 [ 0.79974005 -0.63228175 -0.11900075]]
_input 
[[ 0.64267808  0.6936529 ]
 [ 0.19291653 -1.47693408]]
W 
[[-0.14288838 -0.43840897]
 [ 0.89371038 -0.66297246]
 [ 0.7425816  -1.29433566]]
gradOutput 
[[ 0.29967799 -0.76304829 -0.39136432]
 [ 0.60803861  0.93597922  1.81244206]]
_input 
[[-0.90959265 -0.00971023]
 [ 0.21330309 -0.71623581]]
W 
[[ 0.93224679 -0.11611291]
 [ 0.18829828 -0.18777388]
 [-0.99010577  1.16777103]]
gradOutput 
[[-1.34626075  0.0202292  -0.42714767]
 [ 0.72326838  0.13487242 -0.69686839]]
_input 
[[ 0.05329035 -0.61237347]
 [ 1.38812857 -1.3003849 ]]
W 
[[ 0.19555161  0.33466341]
 [-1.12468859 -0.45769983]
 [ 0.81956978  0.48437869]]
gradOutput 
[[ 1.16041004 -0.26263671  0.85061678]
 [-1.11821252 -1.46800157  0.25751815]]
_input 
[[0.7734509  0.50225738]
 [0.62775954 0.2219266 ]]
W 
[[-0.35486029  0.23734898]
 [-0.6935134  -0.67900439]
 [ 1.13269358  1.85190725]]
gradOutput 
[[ 0.32789964 -0.08293668  0.60593386]
 [-0.29081703 -0.99816639  1.9096721 ]]
_input 
[[-0.43402499  1.23607803]
 [ 0.73085008  0.57754717]]
